USA: multi_obj_graph_usa.csv
source = 61182955
        {61182955, 61323205, 96.0, 17.2, 0.0077, 18.5, 2},
        {61283119, 61283127, 106.0, 19.0, 0.0085, 20.1, 1},
        {61283126, 61321150, 105.0, 18.8, 0.0083, 19.9, 1},
        {61283218, 61324635, 455.0, 65.5, 0.0365, 87.0, 1},
        {61283269, 61321315, 270.0, 38.8, 0.0216, 51.8, 3},
        {61283269, 6100432140, 500.0, 72.0, 0.0400, 96.0, 3},
        {61283269, 61323025, 120.0, 17.5, 0.0096, 23.0, 4},
        {61283273, 61283290, 162.0, 29.0, 0.0130, 31.0, 1},
        {61283273, 61283335, 86.0, 15.5, 0.0070, 16.6, 2},
        {61283273, 61283345, 75.0, 13.3, 0.0060, 14.3, 2},
        {61283287, 61321750, 73.0, 17.4, 0.0059, 14.0, 1}


Switzerland: multi_obj_graph_switzerland.csv
source = 453768
        { 453768, 453814, 300.50, 35.20, 0.024, 58.70, 2 },
        { 453805, 52727137, 120.75, 15.50, 0.0095, 22.50, 2 },
        { 453805, 74574330, 280.00, 20.00, 0.0230, 55.00, 3 },
        { 453810, 47744453, 260.30, 31.00, 0.0200, 50.00, 1 },
        { 453814, 3112781363, 230.10, 27.00, 0.0180, 44.00, 2 },
        { 453816, 28579781, 190.65, 14.90, 0.0120, 28.00, 3 },
        { 453818, 1413703439, 30.00, 5.00, 0.0025, 6.00, 1 },
        { 453818, 301216590, 10.50, 1.00, 0.0005, 1.50, 1 },
        { 453828, 847222965, 75.00, 8.50, 0.0058, 13.50, 1 },
        { 453810, 453818, 200.00, 25.00, 0.0150, 33.00, 2 }


Netherlands: multi_obj_graph_netherland.csv
source = 6316199
        { 6316199, 46389218, 230.00, 28.00, 0.0185, 44.00, 1 },
        { 25596477, 4489285115, 85.00, 10.20, 0.0068, 16.00, 1 },
        { 25658579, 1334338691, 40.00, 4.80, 0.0031, 7.50, 1 },
        { 26203121, 494157307, 90.00, 10.80, 0.0072, 17.00, 1 },
        { 26206556, 916874958, 100.00, 12.00, 0.0080, 19.00, 1 },
        { 26371846, 331526066, 140.00, 17.00, 0.0112, 27.00, 1 },
        { 26371856, 46334837, 60.00, 7.20, 0.0048, 11.50, 1 },
        { 26586128, 5828012924, 28.00, 3.40, 0.0023, 5.20, 1 },
        { 26596415, 46377905, 12.00, 1.40, 0.0010, 2.20, 1 },
        { 27219290, 469250875, 155.00, 18.60, 0.0123, 29.50, 1 }


Japan: multi_obj_graph_Japan.csv
source = 224811793
        { 224811793, 12017420150, 200.00, 24.00, 0.0159, 38.00, 1 },
        { 224811793, 438102571, 110.00, 13.20, 0.0088, 21.00, 1 },
        { 224811818, 402756500, 142.00, 10.20, 0.0114, 27.00, 2 },
        { 224811845, 412144985, 140.00, 10.10, 0.0113, 27.00, 2 },
        { 224811905, 434344368, 170.00, 15.30, 0.0136, 32.50, 4 },
        { 224811905, 3834323577, 230.00, 21.00, 0.0183, 43.80, 1 },
        { 243776548, 3256136833, 410.00, 49.30, 0.0329, 78.80, 2 },
        { 243776548, 1332356080, 130.00, 15.60, 0.0104, 25.00, 1 },
        { 243776563, 1323463567, 52.00, 6.20, 0.0041, 10.00, 2 },
        { 243776563, 1323463523, 40.00, 4.80, 0.0032, 7.80, 1 }

